Budget Summary Azure Advisory Pty Ltd 6 Jul 2026 Page 1 of 2
Budget Summary - FY27
Azure Advisory Pty Ltd
For the period 1 July 2026 to 30 June 2027
FY27 JULY 2026 AUG 2026 SEPT 2026 OCT 2026 NOV 2026 DEC 2026 JAN 2027 FEB 2027 MAR 2027 APR 2027 MAY 2027 JUNE 2027 TOTAL
Trading Income
Brainbox Advisory 6,000.00 6,000.00 6,000.00 6,000.00 6,000.00 6,000.00 6,000.00 6,000.00 6,000.00 6,000.00 6,000.00 6,000.00 72,000.00
Brainbox Partner Program 16,500.00 16,500.00 16,500.00 16,500.00 16,500.00 16,500.00 16,500.00 16,500.00 16,500.00 16,500.00 16,500.00 16,500.00 198,000.00
Brainbuilder Revenue 1,750.00 1,750.00 1,750.00 1,750.00 1,750.00 1,750.00 1,750.00 1,750.00 1,750.00 1,750.00 1,750.00 1,750.00 21,000.00
Brainsource 299,929.00 310,770.00 321,611.00 332,452.00 343,293.00 354,133.00 364,974.00 375,815.00 386,656.00 397,497.00 408,338.00 419,178.00 4,314,646.00
Reimbursements 9,600.00 9,600.00 9,600.00 9,600.00 9,600.00 9,600.00 9,600.00 9,600.00 9,600.00 9,600.00 9,600.00 9,600.00 115,200.00
Shared Services 6,726.00 6,726.00 6,726.00 6,726.00 6,726.00 6,726.00 6,726.00 6,726.00 6,726.00 6,726.00 6,726.00 6,726.00 80,712.00
Total Trading Income 340,505.00 351,346.00 362,187.00 373,028.00 383,869.00 394,709.00 405,550.00 416,391.00 427,232.00 438,073.00 448,914.00 459,754.00 4,801,558.00
Cost of Sales
Brainbuilder Licenses - - 3,100.00 - - - - - - - - - 3,100.00
Brainsource Costs 188,128.00 188,644.00 255,317.00 186,974.00 213,710.00 318,561.00 201,078.00 215,836.00 290,559.00 212,353.00 239,921.00 249,899.00 2,760,980.00
Delivery Costs - Reimbursed 7,600.00 7,600.00 7,600.00 7,600.00 7,600.00 7,600.00 7,600.00 7,600.00 7,600.00 7,600.00 7,600.00 7,600.00 91,200.00
Salaries - Commission 709.00 859.00 1,009.00 1,159.00 1,309.00 1,459.00 1,609.00 1,759.00 1,909.00 2,059.00 2,209.00 2,359.00 18,408.00
Salaries Au Billable 39,231.00 39,231.00 58,846.00 39,231.00 39,231.00 39,231.00 39,231.00 39,231.00 58,846.00 39,231.00 39,231.00 69,231.00 540,002.00
Salaries Au Billable Superannuation 4,708.00 4,708.00 7,062.00 4,708.00 4,708.00 4,708.00 4,708.00 4,708.00 7,062.00 4,708.00 4,708.00 8,308.00 64,804.00
Total Cost of Sales 240,376.00 241,042.00 332,934.00 239,672.00 266,558.00 371,559.00 254,226.00 269,134.00 365,976.00 265,951.00 293,669.00 337,397.00 3,478,494.00
Gross Profit 100,129.00 110,304.00 29,253.00 133,356.00 117,311.00 23,150.00 151,324.00 147,257.00 61,256.00 172,122.00 155,245.00 122,357.00 1,323,064.00
Operating Expenses
Accounting, Bookkeeping, & Consulting 1,600.00 - 2,100.00 - - 2,000.00 - - - - - - 5,700.00
Amortisation Expense 813.00 813.00 1,219.00 813.00 813.00 813.00 813.00 813.00 1,219.00 813.00 813.00 813.00 10,568.00
Bank Fees 55.00 55.00 55.00 55.00 55.00 55.00 55.00 55.00 55.00 55.00 55.00 55.00 660.00
Client Expenses - Non Reimbursable - - - - - 2,500.00 - - - - - - 2,500.00
Coffees & Meetings 750.00 750.00 750.00 750.00 750.00 750.00 750.00 750.00 750.00 750.00 750.00 750.00 9,000.00
Governance - - - - 350.00 - - - - - - - 350.00
ICT 703.00 703.00 703.00 703.00 703.00 703.00 703.00 703.00 703.00 703.00 703.00 703.00 8,436.00
ICT - Subscriptions 13,427.00 8,016.00 8,249.00 8,388.00 8,528.00 8,667.00 10,036.00 8,946.00 9,085.00 14,647.00 9,844.00 16,883.00 124,716.00
Income Tax Expenses 83,036.00 87,353.00 - 38,431.00 - - 47,540.00 - - 67,822.00 - 90,486.00 414,668.00
Insurance - - - 1,120.00 - - - - 7,800.00 - - - 8,920.00
Legal expenses 165.00 165.00 165.00 165.00 165.00 165.00 165.00 165.00 165.00 165.00 165.00 165.00 1,980.00
Marketing 11,900.00 8,700.00 7,700.00 7,600.00 7,600.00 7,600.00 7,600.00 7,600.00 7,700.00 7,600.00 7,600.00 7,600.00 96,800.00
Motor Vehicle - Fuel, Repairs & Maintenance 500.00 500.00 500.00 500.00 500.00 500.00 500.00 500.00 500.00 500.00 500.00 500.00 6,000.00
Motor Vehicle - Registrations and Insurance - - - - - - - 1,420.00 1,050.00 - - - 2,470.00
Office Expenses 300.00 300.00 300.00 300.00 300.00 300.00 300.00 300.00 300.00 300.00 300.00 300.00 3,600.00
Parking 200.00 200.00 200.00 200.00 200.00 200.00 200.00 200.00 200.00 200.00 200.00 200.00 2,400.00
Premises - Beaufort St - Outgoings 650.00 650.00 650.00 650.00 650.00 650.00 650.00 650.00 650.00 650.00 650.00 650.00 7,800.00
Premises - Beaufort St - Rent 1,683.00 1,683.00 1,683.00 1,683.00 1,683.00 1,683.00 1,683.00 1,683.00 1,683.00 1,683.00 1,683.00 1,683.00 20,196.00
Realised Gains/(Losses) from Currency Transfers 1,050.00 1,050.00 1,050.00 1,050.00 1,050.00 1,050.00 1,050.00 1,050.00 1,050.00 1,050.00 1,050.00 1,050.00 12,600.00
Training & Development 260.00 - - - - - - - - - - - 260.00

-- 1 of 2 --

Budget Summary - FY27
JULY 2026 AUG 2026 SEPT 2026 OCT 2026 NOV 2026 DEC 2026 JAN 2027 FEB 2027 MAR 2027 APR 2027 MAY 2027 JUNE 2027 TOTAL
Budget Summary Azure Advisory Pty Ltd 6 Jul 2026 Page 2 of 2
Travel Non-Billable - - 3,000.00 - 4,200.00 4,500.00 3,300.00 - 3,000.00 - 3,000.00 - 21,000.00
Total Operating Expenses 117,092.00 110,938.00 28,324.00 62,408.00 27,547.00 32,136.00 75,345.00 24,835.00 35,910.00 96,938.00 27,313.00 121,838.00 760,624.00
Net Profit (16,963.00) (634.00) 929.00 70,948.00 89,764.00 (8,986.00) 75,979.00 122,422.00 25,346.00 75,184.00 127,932.00 519.00 562,440.00

-- 2 of 2 --

